camera_matrix:
    - [488.9584470869865, 0.0, 691.2962595074824]
    - [0.0, 489.02001620043796, 515.6462604945781]
    - [0.0, 0.0, 1.0]
distortion_coefficients: [-0.07672538104563273, 0.021180953744029157, -0.0009844890734564205, -0.0010676125744996713]
size:
    rows: 1384
    cols: 1032
