camera_matrix:
    - [442.8066612758794, 0.0, 691.4658829400565]
    - [0.0, 442.76138563948444, 515.2170326590035]
    - [0.0, 0.0, 1.0]
distortion_coefficients: [-0.0014267926834946431, -0.00034466500798700447, -6.559984835604372e-05, 0.0001750432005345595]
size:
    rows: 1384
    cols: 1032
