camera_matrix:
    - [442.4629126330163, 0.0, 691.1651969125811]
    - [0.0, 442.496732623908, 515.1556641781565]
    - [0.0, 0.0, 1.0]
distortion_coefficients: [0.0016896697711289775, -0.006115262514482598, 0.00463596378320034, -0.0011169749660260846]
size:
    rows: 1384
    cols: 1032
